5
0,C,0,0.34375,2.7,0.4140625,25,1.007813,65.9,2.148438,100,1.476563,101.9,1.460938,104.5,3.984375
1,C,0,0.015625,98.3,1.742188,99.8,1.546875,100.9,1.53125,101.3,1.53125
2,C,0,0.015625,60,0.90625,100,1.546875
3,C,0,0.0078125,0.1,0.0078125,0.2,0.0078125,60,0.90625,99.8,1.546875,100.9,1.53125,101.3,1.53125
4,C,0,0.0078125,0.1,0.0078125,0.2,0.0078125,60,0.90625,99.8,1.546875,100.9,1.53125,101.3,1.53125
0,V,0,0.1601563,0.3,0.015625,1.1,0.0390625,24.2,0.9804688,36.8,0.03515625,37.7,0.00390625,104.9,0.00390625
1,V,0,0.0078125,0.3,0.015625,1,0.0390625,1.2,0.046875,18,0.0078125,24.6,0.9257813,31.2,0.7734375,48.6,0.015625
2,V,0,0,51.9,0.00390625,53.2,0.05078125,56.6,0.2070313,60.5,0.3984375,63.6,0.5585938,65.8,0.7890625,67.4,1.007813,80,0.9960938,80.2,0.9960938,100,1
3,V,0,0.0078125,0.3,0.01171875,12.2,0.02734375,22,0.1445313,32.5,0.296875,46.2,1.011719,100,1.003906
4,V,0,0.0078125,0.6,0.02734375,2.2,0.08203125,12.5,0.3671875,15.3,0.46875,15.7,0.4804688,31.2,0.8710938,31.5,0.875,33.4,0.8828125,36.3,0.78125,43.6,0.421875,46.6,0.03125,47.2,0.01953125,47.7,0.01171875,48,0.0078125,100.2,0.0078125
