5
0,C,0,0.34375,2.7,0.4140625,25,1.007813,65.9,2.148438,100,1.476563,101.9,1.460938,104.5,3.984375
1,C,0,0.0078125,0.1,0.0078125,0.2,0.0078125,60,0.90625,99.8,1.546875,100.9,1.53125,101.3,1.53125
2,C,0,0.015625,60,0.90625,100,1.546875
3,C,0,0.0078125,0.1,0.0078125,0.2,0.0078125,60,0.90625,99.8,1.546875,100.9,1.53125,101.3,1.53125
4,C,0,0.0078125,0.1,0.0078125,0.2,0.0078125,60,0.90625,99.8,1.546875,100.9,1.53125,101.3,1.53125
0,V,0,0.1601563,10.1,0.9882813,23.9,0.9882813,36.8,0.03515625,37.7,0.00390625,104.9,0.00390625
1,V,0,0.00390625,31.6,0.00390625,32.9,0.0078125,35.1,0.00390625,38.3,0.0078125,40.9,0.01171875,55,0.7265625,70.8,1,70.9,0.9960938,100.7,1.195313,101.6,1.199219
2,V,0,0.015625,11.8,0.203125,23.6,0.9492188,24.5,0.9726563,34.2,0.9882813,102.3,1.191406
3,V,0,0.0078125,0.3,0.01171875,12.2,0.015625,13.6,0.0078125,50,0.0078125,50.2,0.015625,53.9,0.06640625,60.6,0.1835938,62.6,0.3984375,70.4,0.9726563,100,1.003906
4,V,0,0.0078125,0.6,0.02734375,2.2,0.08203125,12.5,0.3671875,15.3,0.46875,15.7,0.4804688,31.2,0.8710938,31.5,0.875,31.7,0.8671875,56.9,0.9257813,64.4,0.546875,64.5,0.5507813,69.1,0.2929688,75.9,0.0390625,76.8,0.01171875,100.2,0.0078125
